gain	1	2	-59.58
gain	2	1	-59.58
gain	1	3	-107.04
gain	3	1	-107.04
gain	1	4	-113.78
gain	4	1	-113.78
gain	1	5	-121.09
gain	5	1	-121.09
gain	1	6	-123.80
gain	6	1	-123.80
gain	1	7	-121.97
gain	7	1	-121.97
gain	1	8	-127.16
gain	8	1	-127.16
gain	1	9	-125.93
gain	9	1	-125.93
gain	1	10	-55.42
gain	10	1	-55.42
gain	1	11	-103.39
gain	11	1	-103.39
gain	1	12	-103.77
gain	12	1	-103.77
gain	1	13	-116.85
gain	13	1	-116.85
gain	1	14	-111.78
gain	14	1	-111.78
gain	1	15	-112.43
gain	15	1	-112.43
gain	1	16	-123.95
gain	16	1	-123.95
gain	1	17	-127.44
gain	17	1	-127.44
gain	1	18	-128.92
gain	18	1	-128.92
gain	1	19	-106.37
gain	19	1	-106.37
gain	1	20	-106.47
gain	20	1	-106.47
gain	1	21	-116.11
gain	21	1	-116.11
gain	1	22	-118.65
gain	22	1	-118.65
gain	1	23	-122.63
gain	23	1	-122.63
gain	1	24	-126.40
gain	24	1	-126.40
gain	1	25	-122.19
gain	25	1	-122.19
gain	1	26	-125.61
gain	26	1	-125.61
gain	1	27	-131.42
gain	27	1	-131.42
gain	1	28	-111.53
gain	28	1	-111.53
gain	1	29	-116.52
gain	29	1	-116.52
gain	1	30	-116.12
gain	30	1	-116.12
gain	1	31	-117.34
gain	31	1	-117.34
gain	1	32	-117.83
gain	32	1	-117.83
gain	1	33	-120.39
gain	33	1	-120.39
gain	1	34	-119.24
gain	34	1	-119.24
gain	1	35	-125.67
gain	35	1	-125.67
gain	1	36	-132.21
gain	36	1	-132.21
gain	1	37	-111.49
gain	37	1	-111.49
gain	1	38	-112.74
gain	38	1	-112.74
gain	1	39	-118.34
gain	39	1	-118.34
gain	1	40	-117.75
gain	40	1	-117.75
gain	1	41	-128.67
gain	41	1	-128.67
gain	1	42	-116.67
gain	42	1	-116.67
gain	1	43	-120.82
gain	43	1	-120.82
gain	1	44	-122.16
gain	44	1	-122.16
gain	1	45	-123.79
gain	45	1	-123.79
gain	1	46	-120.76
gain	46	1	-120.76
gain	1	47	-118.16
gain	47	1	-118.16
gain	1	48	-125.62
gain	48	1	-125.62
gain	1	49	-123.75
gain	49	1	-123.75
gain	1	50	-122.58
gain	50	1	-122.58
gain	1	51	-123.46
gain	51	1	-123.46
gain	1	52	-125.24
gain	52	1	-125.24
gain	1	53	-126.76
gain	53	1	-126.76
gain	1	54	-123.48
gain	54	1	-123.48
gain	1	55	-120.47
gain	55	1	-120.47
gain	1	56	-118.73
gain	56	1	-118.73
gain	1	57	-123.91
gain	57	1	-123.91
gain	1	58	-120.45
gain	58	1	-120.45
gain	1	59	-119.15
gain	59	1	-119.15
gain	1	60	-131.23
gain	60	1	-131.23
gain	1	61	-124.54
gain	61	1	-124.54
gain	1	62	-125.65
gain	62	1	-125.65
gain	1	63	-123.63
gain	63	1	-123.63
gain	1	64	-117.38
gain	64	1	-117.38
gain	1	65	-122.88
gain	65	1	-122.88
gain	1	66	-121.25
gain	66	1	-121.25
gain	1	67	-121.86
gain	67	1	-121.86
gain	1	68	-127.23
gain	68	1	-127.23
gain	1	69	-125.42
gain	69	1	-125.42
gain	1	70	-123.26
gain	70	1	-123.26
gain	1	71	-124.88
gain	71	1	-124.88
gain	1	72	-132.52
gain	72	1	-132.52
gain	1	73	-126.01
gain	73	1	-126.01
gain	1	74	-128.42
gain	74	1	-128.42
gain	1	75	-123.25
gain	75	1	-123.25
gain	1	76	-126.23
gain	76	1	-126.23
gain	1	77	-126.23
gain	77	1	-126.23
gain	1	78	-131.11
gain	78	1	-131.11
gain	1	79	-129.06
gain	79	1	-129.06
gain	1	80	-123.94
gain	80	1	-123.94
gain	1	81	-132.23
gain	81	1	-132.23
gain	1	82	-125.67
gain	82	1	-125.67
gain	1	83	-128.66
gain	83	1	-128.66
gain	1	84	-131.09
gain	84	1	-131.09
gain	1	85	-126.16
gain	85	1	-126.16
gain	1	86	-131.63
gain	86	1	-131.63
gain	1	87	-129.52
gain	87	1	-129.52
gain	1	88	-130.57
gain	88	1	-130.57
gain	1	89	-132.40
gain	89	1	-132.40
gain	1	90	-137.53
gain	90	1	-137.53
gain	1	91	-128.41
gain	91	1	-128.41
gain	1	92	-129.59
gain	92	1	-129.59
gain	1	93	-129.16
gain	93	1	-129.16
gain	1	94	-131.28
gain	94	1	-131.28
gain	1	95	-127.01
gain	95	1	-127.01
gain	1	96	-125.31
gain	96	1	-125.31
gain	1	97	-128.77
gain	97	1	-128.77
gain	1	98	-130.43
gain	98	1	-130.43
gain	1	99	-130.86
gain	99	1	-130.86
gain	2	3	-101.63
gain	3	2	-101.63
gain	2	4	-104.85
gain	4	2	-104.85
gain	2	5	-114.26
gain	5	2	-114.26
gain	2	6	-117.10
gain	6	2	-117.10
gain	2	7	-114.56
gain	7	2	-114.56
gain	2	8	-117.88
gain	8	2	-117.88
gain	2	9	-117.92
gain	9	2	-117.92
gain	2	10	-102.92
gain	10	2	-102.92
gain	2	11	-56.83
gain	11	2	-56.83
gain	2	12	-101.85
gain	12	2	-101.85
gain	2	13	-109.01
gain	13	2	-109.01
gain	2	14	-110.71
gain	14	2	-110.71
gain	2	15	-120.21
gain	15	2	-120.21
gain	2	16	-117.51
gain	16	2	-117.51
gain	2	17	-119.76
gain	17	2	-119.76
gain	2	18	-122.78
gain	18	2	-122.78
gain	2	19	-102.84
gain	19	2	-102.84
gain	2	20	-105.19
gain	20	2	-105.19
gain	2	21	-105.36
gain	21	2	-105.36
gain	2	22	-109.38
gain	22	2	-109.38
gain	2	23	-116.64
gain	23	2	-116.64
gain	2	24	-114.79
gain	24	2	-114.79
gain	2	25	-125.93
gain	25	2	-125.93
gain	2	26	-124.64
gain	26	2	-124.64
gain	2	27	-125.01
gain	27	2	-125.01
gain	2	28	-115.37
gain	28	2	-115.37
gain	2	29	-111.93
gain	29	2	-111.93
gain	2	30	-113.09
gain	30	2	-113.09
gain	2	31	-111.00
gain	31	2	-111.00
gain	2	32	-119.19
gain	32	2	-119.19
gain	2	33	-120.18
gain	33	2	-120.18
gain	2	34	-122.52
gain	34	2	-122.52
gain	2	35	-121.89
gain	35	2	-121.89
gain	2	36	-127.70
gain	36	2	-127.70
gain	2	37	-118.10
gain	37	2	-118.10
gain	2	38	-117.12
gain	38	2	-117.12
gain	2	39	-113.22
gain	39	2	-113.22
gain	2	40	-119.49
gain	40	2	-119.49
gain	2	41	-117.20
gain	41	2	-117.20
gain	2	42	-118.64
gain	42	2	-118.64
gain	2	43	-126.33
gain	43	2	-126.33
gain	2	44	-124.91
gain	44	2	-124.91
gain	2	45	-126.09
gain	45	2	-126.09
gain	2	46	-117.03
gain	46	2	-117.03
gain	2	47	-120.11
gain	47	2	-120.11
gain	2	48	-119.87
gain	48	2	-119.87
gain	2	49	-124.54
gain	49	2	-124.54
gain	2	50	-125.88
gain	50	2	-125.88
gain	2	51	-124.10
gain	51	2	-124.10
gain	2	52	-127.81
gain	52	2	-127.81
gain	2	53	-125.98
gain	53	2	-125.98
gain	2	54	-130.17
gain	54	2	-130.17
gain	2	55	-124.34
gain	55	2	-124.34
gain	2	56	-122.11
gain	56	2	-122.11
gain	2	57	-125.86
gain	57	2	-125.86
gain	2	58	-121.35
gain	58	2	-121.35
gain	2	59	-119.57
gain	59	2	-119.57
gain	2	60	-118.38
gain	60	2	-118.38
gain	2	61	-126.02
gain	61	2	-126.02
gain	2	62	-122.17
gain	62	2	-122.17
gain	2	63	-126.23
gain	63	2	-126.23
gain	2	64	-124.29
gain	64	2	-124.29
gain	2	65	-125.68
gain	65	2	-125.68
gain	2	66	-121.83
gain	66	2	-121.83
gain	2	67	-125.64
gain	67	2	-125.64
gain	2	68	-125.54
gain	68	2	-125.54
gain	2	69	-129.29
gain	69	2	-129.29
gain	2	70	-123.90
gain	70	2	-123.90
gain	2	71	-130.26
gain	71	2	-130.26
gain	2	72	-126.67
gain	72	2	-126.67
gain	2	73	-129.70
gain	73	2	-129.70
gain	2	74	-125.55
gain	74	2	-125.55
gain	2	75	-124.05
gain	75	2	-124.05
gain	2	76	-127.36
gain	76	2	-127.36
gain	2	77	-123.71
gain	77	2	-123.71
gain	2	78	-121.87
gain	78	2	-121.87
gain	2	79	-129.87
gain	79	2	-129.87
gain	2	80	-129.22
gain	80	2	-129.22
gain	2	81	-130.83
gain	81	2	-130.83
gain	2	82	-124.76
gain	82	2	-124.76
gain	2	83	-132.46
gain	83	2	-132.46
gain	2	84	-125.83
gain	84	2	-125.83
gain	2	85	-125.89
gain	85	2	-125.89
gain	2	86	-128.75
gain	86	2	-128.75
gain	2	87	-131.10
gain	87	2	-131.10
gain	2	88	-126.22
gain	88	2	-126.22
gain	2	89	-132.41
gain	89	2	-132.41
gain	2	90	-132.51
gain	90	2	-132.51
gain	2	91	-136.97
gain	91	2	-136.97
gain	2	92	-130.61
gain	92	2	-130.61
gain	2	93	-134.25
gain	93	2	-134.25
gain	2	94	-129.13
gain	94	2	-129.13
gain	2	95	-130.56
gain	95	2	-130.56
gain	2	96	-126.48
gain	96	2	-126.48
gain	2	97	-131.72
gain	97	2	-131.72
gain	2	98	-126.67
gain	98	2	-126.67
gain	2	99	-133.79
gain	99	2	-133.79
gain	3	4	-52.31
gain	4	3	-52.31
gain	3	5	-107.05
gain	5	3	-107.05
gain	3	6	-113.17
gain	6	3	-113.17
gain	3	7	-115.94
gain	7	3	-115.94
gain	3	8	-121.04
gain	8	3	-121.04
gain	3	9	-125.25
gain	9	3	-125.25
gain	3	10	-105.63
gain	10	3	-105.63
gain	3	11	-59.28
gain	11	3	-59.28
gain	3	12	-58.54
gain	12	3	-58.54
gain	3	13	-54.09
gain	13	3	-54.09
gain	3	14	-109.93
gain	14	3	-109.93
gain	3	15	-114.75
gain	15	3	-114.75
gain	3	16	-116.27
gain	16	3	-116.27
gain	3	17	-121.13
gain	17	3	-121.13
gain	3	18	-119.38
gain	18	3	-119.38
gain	3	19	-111.72
gain	19	3	-111.72
gain	3	20	-111.21
gain	20	3	-111.21
gain	3	21	-112.51
gain	21	3	-112.51
gain	3	22	-105.86
gain	22	3	-105.86
gain	3	23	-115.58
gain	23	3	-115.58
gain	3	24	-113.08
gain	24	3	-113.08
gain	3	25	-119.92
gain	25	3	-119.92
gain	3	26	-117.35
gain	26	3	-117.35
gain	3	27	-116.45
gain	27	3	-116.45
gain	3	28	-113.40
gain	28	3	-113.40
gain	3	29	-116.65
gain	29	3	-116.65
gain	3	30	-111.35
gain	30	3	-111.35
gain	3	31	-116.93
gain	31	3	-116.93
gain	3	32	-113.93
gain	32	3	-113.93
gain	3	33	-118.28
gain	33	3	-118.28
gain	3	34	-118.84
gain	34	3	-118.84
gain	3	35	-115.67
gain	35	3	-115.67
gain	3	36	-121.86
gain	36	3	-121.86
gain	3	37	-118.28
gain	37	3	-118.28
gain	3	38	-120.20
gain	38	3	-120.20
gain	3	39	-118.47
gain	39	3	-118.47
gain	3	40	-124.19
gain	40	3	-124.19
gain	3	41	-118.39
gain	41	3	-118.39
gain	3	42	-114.01
gain	42	3	-114.01
gain	3	43	-121.89
gain	43	3	-121.89
gain	3	44	-123.56
gain	44	3	-123.56
gain	3	45	-124.49
gain	45	3	-124.49
gain	3	46	-117.91
gain	46	3	-117.91
gain	3	47	-118.20
gain	47	3	-118.20
gain	3	48	-121.14
gain	48	3	-121.14
gain	3	49	-115.68
gain	49	3	-115.68
gain	3	50	-117.38
gain	50	3	-117.38
gain	3	51	-123.38
gain	51	3	-123.38
gain	3	52	-122.36
gain	52	3	-122.36
gain	3	53	-123.53
gain	53	3	-123.53
gain	3	54	-120.77
gain	54	3	-120.77
gain	3	55	-121.51
gain	55	3	-121.51
gain	3	56	-119.03
gain	56	3	-119.03
gain	3	57	-127.30
gain	57	3	-127.30
gain	3	58	-127.18
gain	58	3	-127.18
gain	3	59	-123.67
gain	59	3	-123.67
gain	3	60	-116.56
gain	60	3	-116.56
gain	3	61	-119.88
gain	61	3	-119.88
gain	3	62	-125.40
gain	62	3	-125.40
gain	3	63	-129.33
gain	63	3	-129.33
gain	3	64	-123.87
gain	64	3	-123.87
gain	3	65	-120.66
gain	65	3	-120.66
gain	3	66	-123.27
gain	66	3	-123.27
gain	3	67	-125.97
gain	67	3	-125.97
gain	3	68	-125.72
gain	68	3	-125.72
gain	3	69	-124.69
gain	69	3	-124.69
gain	3	70	-126.30
gain	70	3	-126.30
gain	3	71	-127.42
gain	71	3	-127.42
gain	3	72	-127.52
gain	72	3	-127.52
gain	3	73	-128.00
gain	73	3	-128.00
gain	3	74	-127.15
gain	74	3	-127.15
gain	3	75	-124.37
gain	75	3	-124.37
gain	3	76	-125.56
gain	76	3	-125.56
gain	3	77	-129.43
gain	77	3	-129.43
gain	3	78	-131.59
gain	78	3	-131.59
gain	3	79	-127.98
gain	79	3	-127.98
gain	3	80	-129.17
gain	80	3	-129.17
gain	3	81	-130.94
gain	81	3	-130.94
gain	3	82	-125.70
gain	82	3	-125.70
gain	3	83	-127.93
gain	83	3	-127.93
gain	3	84	-133.77
gain	84	3	-133.77
gain	3	85	-130.79
gain	85	3	-130.79
gain	3	86	-124.26
gain	86	3	-124.26
gain	3	87	-129.99
gain	87	3	-129.99
gain	3	88	-121.56
gain	88	3	-121.56
gain	3	89	-130.43
gain	89	3	-130.43
gain	3	90	-129.44
gain	90	3	-129.44
gain	3	91	-129.25
gain	91	3	-129.25
gain	3	92	-137.11
gain	92	3	-137.11
gain	3	93	-133.25
gain	93	3	-133.25
gain	3	94	-127.56
gain	94	3	-127.56
gain	3	95	-130.29
gain	95	3	-130.29
gain	3	96	-136.73
gain	96	3	-136.73
gain	3	97	-131.14
gain	97	3	-131.14
gain	3	98	-129.71
gain	98	3	-129.71
gain	3	99	-130.16
gain	99	3	-130.16
gain	4	5	-55.82
gain	5	4	-55.82
gain	4	6	-105.64
gain	6	4	-105.64
gain	4	7	-114.99
gain	7	4	-114.99
gain	4	8	-116.83
gain	8	4	-116.83
gain	4	9	-121.29
gain	9	4	-121.29
gain	4	10	-117.12
gain	10	4	-117.12
gain	4	11	-104.86
gain	11	4	-104.86
gain	4	12	-107.56
gain	12	4	-107.56
gain	4	13	-58.52
gain	13	4	-58.52
gain	4	14	-102.07
gain	14	4	-102.07
gain	4	15	-109.07
gain	15	4	-109.07
gain	4	16	-113.98
gain	16	4	-113.98
gain	4	17	-113.81
gain	17	4	-113.81
gain	4	18	-118.59
gain	18	4	-118.59
gain	4	19	-108.17
gain	19	4	-108.17
gain	4	20	-108.26
gain	20	4	-108.26
gain	4	21	-109.37
gain	21	4	-109.37
gain	4	22	-104.89
gain	22	4	-104.89
gain	4	23	-108.49
gain	23	4	-108.49
gain	4	24	-114.91
gain	24	4	-114.91
gain	4	25	-112.98
gain	25	4	-112.98
gain	4	26	-118.50
gain	26	4	-118.50
gain	4	27	-125.25
gain	27	4	-125.25
gain	4	28	-113.09
gain	28	4	-113.09
gain	4	29	-120.14
gain	29	4	-120.14
gain	4	30	-114.18
gain	30	4	-114.18
gain	4	31	-111.25
gain	31	4	-111.25
gain	4	32	-111.49
gain	32	4	-111.49
gain	4	33	-115.27
gain	33	4	-115.27
gain	4	34	-120.85
gain	34	4	-120.85
gain	4	35	-117.58
gain	35	4	-117.58
gain	4	36	-119.09
gain	36	4	-119.09
gain	4	37	-122.95
gain	37	4	-122.95
gain	4	38	-117.51
gain	38	4	-117.51
gain	4	39	-112.26
gain	39	4	-112.26
gain	4	40	-113.01
gain	40	4	-113.01
gain	4	41	-122.88
gain	41	4	-122.88
gain	4	42	-114.07
gain	42	4	-114.07
gain	4	43	-121.37
gain	43	4	-121.37
gain	4	44	-119.08
gain	44	4	-119.08
gain	4	45	-115.28
gain	45	4	-115.28
gain	4	46	-121.02
gain	46	4	-121.02
gain	4	47	-118.48
gain	47	4	-118.48
gain	4	48	-119.30
gain	48	4	-119.30
gain	4	49	-125.77
gain	49	4	-125.77
gain	4	50	-122.06
gain	50	4	-122.06
gain	4	51	-124.19
gain	51	4	-124.19
gain	4	52	-120.08
gain	52	4	-120.08
gain	4	53	-123.47
gain	53	4	-123.47
gain	4	54	-123.45
gain	54	4	-123.45
gain	4	55	-124.78
gain	55	4	-124.78
gain	4	56	-120.76
gain	56	4	-120.76
gain	4	57	-117.40
gain	57	4	-117.40
gain	4	58	-122.31
gain	58	4	-122.31
gain	4	59	-121.98
gain	59	4	-121.98
gain	4	60	-120.61
gain	60	4	-120.61
gain	4	61	-124.48
gain	61	4	-124.48
gain	4	62	-125.89
gain	62	4	-125.89
gain	4	63	-126.04
gain	63	4	-126.04
gain	4	64	-132.52
gain	64	4	-132.52
gain	4	65	-126.85
gain	65	4	-126.85
gain	4	66	-126.18
gain	66	4	-126.18
gain	4	67	-121.73
gain	67	4	-121.73
gain	4	68	-123.94
gain	68	4	-123.94
gain	4	69	-124.92
gain	69	4	-124.92
gain	4	70	-129.42
gain	70	4	-129.42
gain	4	71	-121.98
gain	71	4	-121.98
gain	4	72	-123.94
gain	72	4	-123.94
gain	4	73	-127.86
gain	73	4	-127.86
gain	4	74	-124.65
gain	74	4	-124.65
gain	4	75	-126.12
gain	75	4	-126.12
gain	4	76	-128.56
gain	76	4	-128.56
gain	4	77	-125.27
gain	77	4	-125.27
gain	4	78	-122.27
gain	78	4	-122.27
gain	4	79	-122.25
gain	79	4	-122.25
gain	4	80	-127.88
gain	80	4	-127.88
gain	4	81	-129.00
gain	81	4	-129.00
gain	4	82	-131.69
gain	82	4	-131.69
gain	4	83	-121.66
gain	83	4	-121.66
gain	4	84	-124.88
gain	84	4	-124.88
gain	4	85	-126.78
gain	85	4	-126.78
gain	4	86	-127.30
gain	86	4	-127.30
gain	4	87	-128.98
gain	87	4	-128.98
gain	4	88	-126.05
gain	88	4	-126.05
gain	4	89	-122.98
gain	89	4	-122.98
gain	4	90	-127.10
gain	90	4	-127.10
gain	4	91	-127.44
gain	91	4	-127.44
gain	4	92	-130.89
gain	92	4	-130.89
gain	4	93	-129.78
gain	93	4	-129.78
gain	4	94	-121.30
gain	94	4	-121.30
gain	4	95	-127.69
gain	95	4	-127.69
gain	4	96	-132.86
gain	96	4	-132.86
gain	4	97	-123.24
gain	97	4	-123.24
gain	4	98	-133.35
gain	98	4	-133.35
gain	4	99	-129.05
gain	99	4	-129.05
gain	5	6	-55.10
gain	6	5	-55.10
gain	5	7	-105.30
gain	7	5	-105.30
gain	5	8	-105.46
gain	8	5	-105.46
gain	5	9	-120.20
gain	9	5	-120.20
gain	5	10	-118.63
gain	10	5	-118.63
gain	5	11	-112.08
gain	11	5	-112.08
gain	5	12	-106.00
gain	12	5	-106.00
gain	5	13	-103.24
gain	13	5	-103.24
gain	5	14	-102.24
gain	14	5	-102.24
gain	5	15	-59.99
gain	15	5	-59.99
gain	5	16	-101.08
gain	16	5	-101.08
gain	5	17	-115.35
gain	17	5	-115.35
gain	5	18	-114.14
gain	18	5	-114.14
gain	5	19	-112.11
gain	19	5	-112.11
gain	5	20	-111.69
gain	20	5	-111.69
gain	5	21	-112.93
gain	21	5	-112.93
gain	5	22	-103.09
gain	22	5	-103.09
gain	5	23	-108.12
gain	23	5	-108.12
gain	5	24	-106.38
gain	24	5	-106.38
gain	5	25	-114.86
gain	25	5	-114.86
gain	5	26	-117.68
gain	26	5	-117.68
gain	5	27	-114.37
gain	27	5	-114.37
gain	5	28	-120.05
gain	28	5	-120.05
gain	5	29	-120.29
gain	29	5	-120.29
gain	5	30	-107.58
gain	30	5	-107.58
gain	5	31	-117.95
gain	31	5	-117.95
gain	5	32	-115.95
gain	32	5	-115.95
gain	5	33	-113.85
gain	33	5	-113.85
gain	5	34	-113.55
gain	34	5	-113.55
gain	5	35	-114.47
gain	35	5	-114.47
gain	5	36	-115.70
gain	36	5	-115.70
gain	5	37	-117.18
gain	37	5	-117.18
gain	5	38	-117.55
gain	38	5	-117.55
gain	5	39	-121.63
gain	39	5	-121.63
gain	5	40	-116.37
gain	40	5	-116.37
gain	5	41	-114.73
gain	41	5	-114.73
gain	5	42	-125.63
gain	42	5	-125.63
gain	5	43	-119.92
gain	43	5	-119.92
gain	5	44	-119.26
gain	44	5	-119.26
gain	5	45	-117.67
gain	45	5	-117.67
gain	5	46	-125.58
gain	46	5	-125.58
gain	5	47	-120.73
gain	47	5	-120.73
gain	5	48	-123.80
gain	48	5	-123.80
gain	5	49	-124.20
gain	49	5	-124.20
gain	5	50	-118.43
gain	50	5	-118.43
gain	5	51	-122.37
gain	51	5	-122.37
gain	5	52	-116.21
gain	52	5	-116.21
gain	5	53	-121.17
gain	53	5	-121.17
gain	5	54	-117.39
gain	54	5	-117.39
gain	5	55	-123.99
gain	55	5	-123.99
gain	5	56	-123.06
gain	56	5	-123.06
gain	5	57	-130.46
gain	57	5	-130.46
gain	5	58	-121.43
gain	58	5	-121.43
gain	5	59	-125.50
gain	59	5	-125.50
gain	5	60	-125.58
gain	60	5	-125.58
gain	5	61	-123.27
gain	61	5	-123.27
gain	5	62	-124.52
gain	62	5	-124.52
gain	5	63	-126.12
gain	63	5	-126.12
gain	5	64	-127.27
gain	64	5	-127.27
gain	5	65	-124.36
gain	65	5	-124.36
gain	5	66	-121.60
gain	66	5	-121.60
gain	5	67	-123.58
gain	67	5	-123.58
gain	5	68	-126.59
gain	68	5	-126.59
gain	5	69	-125.61
gain	69	5	-125.61
gain	5	70	-126.20
gain	70	5	-126.20
gain	5	71	-124.18
gain	71	5	-124.18
gain	5	72	-123.22
gain	72	5	-123.22
gain	5	73	-130.56
gain	73	5	-130.56
gain	5	74	-125.49
gain	74	5	-125.49
gain	5	75	-129.99
gain	75	5	-129.99
gain	5	76	-126.41
gain	76	5	-126.41
gain	5	77	-131.43
gain	77	5	-131.43
gain	5	78	-129.49
gain	78	5	-129.49
gain	5	79	-129.14
gain	79	5	-129.14
gain	5	80	-130.71
gain	80	5	-130.71
gain	5	81	-127.56
gain	81	5	-127.56
gain	5	82	-128.80
gain	82	5	-128.80
gain	5	83	-131.40
gain	83	5	-131.40
gain	5	84	-126.20
gain	84	5	-126.20
gain	5	85	-130.92
gain	85	5	-130.92
gain	5	86	-132.44
gain	86	5	-132.44
gain	5	87	-124.86
gain	87	5	-124.86
gain	5	88	-130.71
gain	88	5	-130.71
gain	5	89	-126.72
gain	89	5	-126.72
gain	5	90	-131.79
gain	90	5	-131.79
gain	5	91	-134.57
gain	91	5	-134.57
gain	5	92	-131.25
gain	92	5	-131.25
gain	5	93	-127.60
gain	93	5	-127.60
gain	5	94	-123.90
gain	94	5	-123.90
gain	5	95	-129.62
gain	95	5	-129.62
gain	5	96	-131.39
gain	96	5	-131.39
gain	5	97	-125.21
gain	97	5	-125.21
gain	5	98	-127.42
gain	98	5	-127.42
gain	5	99	-132.41
gain	99	5	-132.41
gain	6	7	-54.10
gain	7	6	-54.10
gain	6	8	-100.45
gain	8	6	-100.45
gain	6	9	-113.61
gain	9	6	-113.61
gain	6	10	-113.97
gain	10	6	-113.97
gain	6	11	-116.35
gain	11	6	-116.35
gain	6	12	-114.02
gain	12	6	-114.02
gain	6	13	-109.09
gain	13	6	-109.09
gain	6	14	-100.87
gain	14	6	-100.87
gain	6	15	-56.01
gain	15	6	-56.01
gain	6	16	-57.96
gain	16	6	-57.96
gain	6	17	-105.58
gain	17	6	-105.58
gain	6	18	-116.34
gain	18	6	-116.34
gain	6	19	-118.12
gain	19	6	-118.12
gain	6	20	-117.57
gain	20	6	-117.57
gain	6	21	-120.08
gain	21	6	-120.08
gain	6	22	-111.23
gain	22	6	-111.23
gain	6	23	-106.45
gain	23	6	-106.45
gain	6	24	-103.52
gain	24	6	-103.52
gain	6	25	-105.76
gain	25	6	-105.76
gain	6	26	-109.71
gain	26	6	-109.71
gain	6	27	-119.48
gain	27	6	-119.48
gain	6	28	-122.72
gain	28	6	-122.72
gain	6	29	-119.23
gain	29	6	-119.23
gain	6	30	-116.77
gain	30	6	-116.77
gain	6	31	-106.38
gain	31	6	-106.38
gain	6	32	-117.87
gain	32	6	-117.87
gain	6	33	-106.56
gain	33	6	-106.56
gain	6	34	-107.59
gain	34	6	-107.59
gain	6	35	-112.82
gain	35	6	-112.82
gain	6	36	-115.05
gain	36	6	-115.05
gain	6	37	-126.43
gain	37	6	-126.43
gain	6	38	-124.05
gain	38	6	-124.05
gain	6	39	-117.54
gain	39	6	-117.54
gain	6	40	-115.78
gain	40	6	-115.78
gain	6	41	-123.08
gain	41	6	-123.08
gain	6	42	-121.35
gain	42	6	-121.35
gain	6	43	-117.08
gain	43	6	-117.08
gain	6	44	-115.53
gain	44	6	-115.53
gain	6	45	-121.08
gain	45	6	-121.08
gain	6	46	-125.79
gain	46	6	-125.79
gain	6	47	-122.30
gain	47	6	-122.30
gain	6	48	-124.90
gain	48	6	-124.90
gain	6	49	-122.09
gain	49	6	-122.09
gain	6	50	-118.09
gain	50	6	-118.09
gain	6	51	-119.09
gain	51	6	-119.09
gain	6	52	-117.54
gain	52	6	-117.54
gain	6	53	-118.09
gain	53	6	-118.09
gain	6	54	-116.19
gain	54	6	-116.19
gain	6	55	-130.94
gain	55	6	-130.94
gain	6	56	-126.56
gain	56	6	-126.56
gain	6	57	-120.05
gain	57	6	-120.05
gain	6	58	-126.19
gain	58	6	-126.19
gain	6	59	-121.48
gain	59	6	-121.48
gain	6	60	-120.28
gain	60	6	-120.28
gain	6	61	-122.54
gain	61	6	-122.54
gain	6	62	-125.12
gain	62	6	-125.12
gain	6	63	-126.11
gain	63	6	-126.11
gain	6	64	-123.97
gain	64	6	-123.97
gain	6	65	-124.89
gain	65	6	-124.89
gain	6	66	-123.68
gain	66	6	-123.68
gain	6	67	-121.17
gain	67	6	-121.17
gain	6	68	-126.34
gain	68	6	-126.34
gain	6	69	-120.03
gain	69	6	-120.03
gain	6	70	-124.57
gain	70	6	-124.57
gain	6	71	-119.02
gain	71	6	-119.02
gain	6	72	-130.46
gain	72	6	-130.46
gain	6	73	-131.09
gain	73	6	-131.09
gain	6	74	-129.89
gain	74	6	-129.89
gain	6	75	-122.90
gain	75	6	-122.90
gain	6	76	-126.91
gain	76	6	-126.91
gain	6	77	-122.20
gain	77	6	-122.20
gain	6	78	-131.49
gain	78	6	-131.49
gain	6	79	-123.38
gain	79	6	-123.38
gain	6	80	-131.31
gain	80	6	-131.31
gain	6	81	-132.54
gain	81	6	-132.54
gain	6	82	-128.09
gain	82	6	-128.09
gain	6	83	-125.86
gain	83	6	-125.86
gain	6	84	-132.63
gain	84	6	-132.63
gain	6	85	-127.65
gain	85	6	-127.65
gain	6	86	-127.78
gain	86	6	-127.78
gain	6	87	-130.76
gain	87	6	-130.76
gain	6	88	-136.99
gain	88	6	-136.99
gain	6	89	-130.13
gain	89	6	-130.13
gain	6	90	-126.20
gain	90	6	-126.20
gain	6	91	-130.18
gain	91	6	-130.18
gain	6	92	-126.46
gain	92	6	-126.46
gain	6	93	-131.96
gain	93	6	-131.96
gain	6	94	-133.85
gain	94	6	-133.85
gain	6	95	-130.95
gain	95	6	-130.95
gain	6	96	-129.66
gain	96	6	-129.66
gain	6	97	-130.87
gain	97	6	-130.87
gain	6	98	-133.39
gain	98	6	-133.39
gain	6	99	-131.16
gain	99	6	-131.16
gain	7	8	-52.38
gain	8	7	-52.38
gain	7	9	-105.38
gain	9	7	-105.38
gain	7	10	-122.04
gain	10	7	-122.04
gain	7	11	-119.45
gain	11	7	-119.45
gain	7	12	-114.24
gain	12	7	-114.24
gain	7	13	-109.83
gain	13	7	-109.83
gain	7	14	-111.56
gain	14	7	-111.56
gain	7	15	-101.97
gain	15	7	-101.97
gain	7	16	-52.30
gain	16	7	-52.30
gain	7	17	-101.02
gain	17	7	-101.02
gain	7	18	-106.99
gain	18	7	-106.99
gain	7	19	-126.63
gain	19	7	-126.63
gain	7	20	-128.14
gain	20	7	-128.14
gain	7	21	-114.61
gain	21	7	-114.61
gain	7	22	-118.10
gain	22	7	-118.10
gain	7	23	-108.16
gain	23	7	-108.16
gain	7	24	-111.99
gain	24	7	-111.99
gain	7	25	-59.88
gain	25	7	-59.88
gain	7	26	-107.18
gain	26	7	-107.18
gain	7	27	-114.23
gain	27	7	-114.23
gain	7	28	-127.49
gain	28	7	-127.49
gain	7	29	-123.85
gain	29	7	-123.85
gain	7	30	-121.12
gain	30	7	-121.12
gain	7	31	-118.77
gain	31	7	-118.77
gain	7	32	-118.45
gain	32	7	-118.45
gain	7	33	-109.03
gain	33	7	-109.03
gain	7	34	-117.70
gain	34	7	-117.70
gain	7	35	-109.00
gain	35	7	-109.00
gain	7	36	-108.99
gain	36	7	-108.99
gain	7	37	-129.15
gain	37	7	-129.15
gain	7	38	-123.01
gain	38	7	-123.01
gain	7	39	-115.96
gain	39	7	-115.96
gain	7	40	-116.84
gain	40	7	-116.84
gain	7	41	-112.70
gain	41	7	-112.70
gain	7	42	-113.77
gain	42	7	-113.77
gain	7	43	-117.20
gain	43	7	-117.20
gain	7	44	-118.52
gain	44	7	-118.52
gain	7	45	-117.07
gain	45	7	-117.07
gain	7	46	-122.69
gain	46	7	-122.69
gain	7	47	-124.36
gain	47	7	-124.36
gain	7	48	-121.15
gain	48	7	-121.15
gain	7	49	-120.94
gain	49	7	-120.94
gain	7	50	-121.07
gain	50	7	-121.07
gain	7	51	-118.82
gain	51	7	-118.82
gain	7	52	-122.61
gain	52	7	-122.61
gain	7	53	-122.50
gain	53	7	-122.50
gain	7	54	-119.16
gain	54	7	-119.16
gain	7	55	-125.30
gain	55	7	-125.30
gain	7	56	-122.40
gain	56	7	-122.40
gain	7	57	-123.93
gain	57	7	-123.93
gain	7	58	-125.98
gain	58	7	-125.98
gain	7	59	-126.08
gain	59	7	-126.08
gain	7	60	-119.43
gain	60	7	-119.43
gain	7	61	-119.45
gain	61	7	-119.45
gain	7	62	-121.27
gain	62	7	-121.27
gain	7	63	-125.62
gain	63	7	-125.62
gain	7	64	-125.85
gain	64	7	-125.85
gain	7	65	-121.49
gain	65	7	-121.49
gain	7	66	-131.97
gain	66	7	-131.97
gain	7	67	-126.59
gain	67	7	-126.59
gain	7	68	-121.70
gain	68	7	-121.70
gain	7	69	-124.80
gain	69	7	-124.80
gain	7	70	-127.16
gain	70	7	-127.16
gain	7	71	-120.46
gain	71	7	-120.46
gain	7	72	-122.64
gain	72	7	-122.64
gain	7	73	-125.72
gain	73	7	-125.72
gain	7	74	-127.82
gain	74	7	-127.82
gain	7	75	-131.99
gain	75	7	-131.99
gain	7	76	-131.82
gain	76	7	-131.82
gain	7	77	-127.97
gain	77	7	-127.97
gain	7	78	-124.70
gain	78	7	-124.70
gain	7	79	-131.69
gain	79	7	-131.69
gain	7	80	-123.81
gain	80	7	-123.81
gain	7	81	-128.91
gain	81	7	-128.91
gain	7	82	-127.91
gain	82	7	-127.91
gain	7	83	-128.83
gain	83	7	-128.83
gain	7	84	-128.85
gain	84	7	-128.85
gain	7	85	-126.88
gain	85	7	-126.88
gain	7	86	-130.53
gain	86	7	-130.53
gain	7	87	-132.30
gain	87	7	-132.30
gain	7	88	-128.71
gain	88	7	-128.71
gain	7	89	-126.65
gain	89	7	-126.65
gain	7	90	-127.26
gain	90	7	-127.26
gain	7	91	-134.66
gain	91	7	-134.66
gain	7	92	-135.89
gain	92	7	-135.89
gain	7	93	-131.05
gain	93	7	-131.05
gain	7	94	-130.01
gain	94	7	-130.01
gain	7	95	-130.70
gain	95	7	-130.70
gain	7	96	-128.62
gain	96	7	-128.62
gain	7	97	-129.03
gain	97	7	-129.03
gain	7	98	-132.98
gain	98	7	-132.98
gain	7	99	-131.29
gain	99	7	-131.29
gain	8	9	-53.54
gain	9	8	-53.54
gain	8	10	-127.57
gain	10	8	-127.57
gain	8	11	-124.62
gain	11	8	-124.62
gain	8	12	-121.29
gain	12	8	-121.29
gain	8	13	-113.44
gain	13	8	-113.44
gain	8	14	-112.86
gain	14	8	-112.86
gain	8	15	-108.60
gain	15	8	-108.60
gain	8	16	-101.91
gain	16	8	-101.91
gain	8	17	-55.87
gain	17	8	-55.87
gain	8	18	-102.48
gain	18	8	-102.48
gain	8	19	-125.20
gain	19	8	-125.20
gain	8	20	-122.75
gain	20	8	-122.75
gain	8	21	-127.39
gain	21	8	-127.39
gain	8	22	-115.22
gain	22	8	-115.22
gain	8	23	-116.39
gain	23	8	-116.39
gain	8	24	-110.78
gain	24	8	-110.78
gain	8	25	-110.91
gain	25	8	-110.91
gain	8	26	-103.26
gain	26	8	-103.26
gain	8	27	-107.69
gain	27	8	-107.69
gain	8	28	-120.63
gain	28	8	-120.63
gain	8	29	-122.54
gain	29	8	-122.54
gain	8	30	-122.00
gain	30	8	-122.00
gain	8	31	-120.19
gain	31	8	-120.19
gain	8	32	-114.35
gain	32	8	-114.35
gain	8	33	-110.16
gain	33	8	-110.16
gain	8	34	-105.78
gain	34	8	-105.78
gain	8	35	-114.77
gain	35	8	-114.77
gain	8	36	-117.92
gain	36	8	-117.92
gain	8	37	-130.43
gain	37	8	-130.43
gain	8	38	-129.59
gain	38	8	-129.59
gain	8	39	-120.42
gain	39	8	-120.42
gain	8	40	-119.36
gain	40	8	-119.36
gain	8	41	-119.28
gain	41	8	-119.28
gain	8	42	-122.16
gain	42	8	-122.16
gain	8	43	-112.00
gain	43	8	-112.00
gain	8	44	-116.45
gain	44	8	-116.45
gain	8	45	-113.14
gain	45	8	-113.14
gain	8	46	-132.38
gain	46	8	-132.38
gain	8	47	-127.49
gain	47	8	-127.49
gain	8	48	-123.37
gain	48	8	-123.37
gain	8	49	-123.80
gain	49	8	-123.80
gain	8	50	-125.82
gain	50	8	-125.82
gain	8	51	-122.84
gain	51	8	-122.84
gain	8	52	-117.66
gain	52	8	-117.66
gain	8	53	-114.70
gain	53	8	-114.70
gain	8	54	-114.19
gain	54	8	-114.19
gain	8	55	-130.70
gain	55	8	-130.70
gain	8	56	-126.84
gain	56	8	-126.84
gain	8	57	-129.14
gain	57	8	-129.14
gain	8	58	-126.33
gain	58	8	-126.33
gain	8	59	-122.96
gain	59	8	-122.96
gain	8	60	-119.67
gain	60	8	-119.67
gain	8	61	-122.79
gain	61	8	-122.79
gain	8	62	-121.70
gain	62	8	-121.70
gain	8	63	-129.57
gain	63	8	-129.57
gain	8	64	-127.05
gain	64	8	-127.05
gain	8	65	-131.60
gain	65	8	-131.60
gain	8	66	-126.80
gain	66	8	-126.80
gain	8	67	-132.61
gain	67	8	-132.61
gain	8	68	-125.50
gain	68	8	-125.50
gain	8	69	-123.28
gain	69	8	-123.28
gain	8	70	-123.57
gain	70	8	-123.57
gain	8	71	-123.66
gain	71	8	-123.66
gain	8	72	-125.73
gain	72	8	-125.73
gain	8	73	-135.66
gain	73	8	-135.66
gain	8	74	-131.54
gain	74	8	-131.54
gain	8	75	-127.94
gain	75	8	-127.94
gain	8	76	-126.98
gain	76	8	-126.98
gain	8	77	-128.92
gain	77	8	-128.92
gain	8	78	-120.71
gain	78	8	-120.71
gain	8	79	-129.07
gain	79	8	-129.07
gain	8	80	-126.04
gain	80	8	-126.04
gain	8	81	-130.96
gain	81	8	-130.96
gain	8	82	-132.31
gain	82	8	-132.31
gain	8	83	-130.23
gain	83	8	-130.23
gain	8	84	-130.79
gain	84	8	-130.79
gain	8	85	-131.40
gain	85	8	-131.40
gain	8	86	-126.76
gain	86	8	-126.76
gain	8	87	-126.96
gain	87	8	-126.96
gain	8	88	-128.74
gain	88	8	-128.74
gain	8	89	-129.88
gain	89	8	-129.88
gain	8	90	-120.74
gain	90	8	-120.74
gain	8	91	-132.08
gain	91	8	-132.08
gain	8	92	-133.45
gain	92	8	-133.45
gain	8	93	-127.90
gain	93	8	-127.90
gain	8	94	-130.52
gain	94	8	-130.52
gain	8	95	-131.37
gain	95	8	-131.37
gain	8	96	-128.45
gain	96	8	-128.45
gain	8	97	-127.69
gain	97	8	-127.69
gain	8	98	-132.00
gain	98	8	-132.00
gain	8	99	-122.67
gain	99	8	-122.67
gain	9	10	-124.95
gain	10	9	-124.95
gain	9	11	-119.28
gain	11	9	-119.28
gain	9	12	-123.33
gain	12	9	-123.33
gain	9	13	-125.51
gain	13	9	-125.51
gain	9	14	-118.05
gain	14	9	-118.05
gain	9	15	-119.51
gain	15	9	-119.51
gain	9	16	-101.65
gain	16	9	-101.65
gain	9	17	-102.95
gain	17	9	-102.95
gain	9	18	-59.92
gain	18	9	-59.92
gain	9	19	-115.35
gain	19	9	-115.35
gain	9	20	-121.82
gain	20	9	-121.82
gain	9	21	-124.15
gain	21	9	-124.15
gain	9	22	-118.69
gain	22	9	-118.69
gain	9	23	-115.21
gain	23	9	-115.21
gain	9	24	-121.61
gain	24	9	-121.61
gain	9	25	-110.04
gain	25	9	-110.04
gain	9	26	-109.90
gain	26	9	-109.90
gain	9	27	-109.35
gain	27	9	-109.35
gain	9	28	-128.16
gain	28	9	-128.16
gain	9	29	-126.48
gain	29	9	-126.48
gain	9	30	-124.27
gain	30	9	-124.27
gain	9	31	-118.45
gain	31	9	-118.45
gain	9	32	-120.94
gain	32	9	-120.94
gain	9	33	-121.12
gain	33	9	-121.12
gain	9	34	-109.29
gain	34	9	-109.29
gain	9	35	-109.10
gain	35	9	-109.10
gain	9	36	-110.04
gain	36	9	-110.04
gain	9	37	-122.35
gain	37	9	-122.35
gain	9	38	-133.58
gain	38	9	-133.58
gain	9	39	-121.54
gain	39	9	-121.54
gain	9	40	-125.57
gain	40	9	-125.57
gain	9	41	-116.06
gain	41	9	-116.06
gain	9	42	-116.35
gain	42	9	-116.35
gain	9	43	-113.06
gain	43	9	-113.06
gain	9	44	-119.69
gain	44	9	-119.69
gain	9	45	-121.86
gain	45	9	-121.86
gain	9	46	-132.41
gain	46	9	-132.41
gain	9	47	-124.79
gain	47	9	-124.79
gain	9	48	-122.70
gain	48	9	-122.70
gain	9	49	-126.16
gain	49	9	-126.16
gain	9	50	-123.67
gain	50	9	-123.67
gain	9	51	-124.01
gain	51	9	-124.01
gain	9	52	-119.98
gain	52	9	-119.98
gain	9	53	-116.36
gain	53	9	-116.36
gain	9	54	-116.66
gain	54	9	-116.66
gain	9	55	-125.65
gain	55	9	-125.65
gain	9	56	-122.90
gain	56	9	-122.90
gain	9	57	-123.98
gain	57	9	-123.98
gain	9	58	-121.85
gain	58	9	-121.85
gain	9	59	-119.62
gain	59	9	-119.62
gain	9	60	-120.54
gain	60	9	-120.54
gain	9	61	-122.94
gain	61	9	-122.94
gain	9	62	-122.98
gain	62	9	-122.98
gain	9	63	-127.24
gain	63	9	-127.24
gain	9	64	-127.33
gain	64	9	-127.33
gain	9	65	-129.25
gain	65	9	-129.25
gain	9	66	-125.45
gain	66	9	-125.45
gain	9	67	-126.06
gain	67	9	-126.06
gain	9	68	-123.86
gain	68	9	-123.86
gain	9	69	-124.43
gain	69	9	-124.43
gain	9	70	-116.98
gain	70	9	-116.98
gain	9	71	-125.07
gain	71	9	-125.07
gain	9	72	-126.43
gain	72	9	-126.43
gain	9	73	-136.41
gain	73	9	-136.41
gain	9	74	-128.48
gain	74	9	-128.48
gain	9	75	-128.78
gain	75	9	-128.78
gain	9	76	-128.74
gain	76	9	-128.74
gain	9	77	-127.83
gain	77	9	-127.83
gain	9	78	-124.77
gain	78	9	-124.77
gain	9	79	-124.78
gain	79	9	-124.78
gain	9	80	-132.16
gain	80	9	-132.16
gain	9	81	-128.30
gain	81	9	-128.30
gain	9	82	-135.94
gain	82	9	-135.94
gain	9	83	-128.61
gain	83	9	-128.61
gain	9	84	-132.98
gain	84	9	-132.98
gain	9	85	-138.06
gain	85	9	-138.06
gain	9	86	-131.57
gain	86	9	-131.57
gain	9	87	-130.28
gain	87	9	-130.28
gain	9	88	-131.50
gain	88	9	-131.50
gain	9	89	-129.10
gain	89	9	-129.10
gain	9	90	-124.88
gain	90	9	-124.88
gain	9	91	-131.29
gain	91	9	-131.29
gain	9	92	-135.90
gain	92	9	-135.90
gain	9	93	-124.36
gain	93	9	-124.36
gain	9	94	-136.08
gain	94	9	-136.08
gain	9	95	-127.37
gain	95	9	-127.37
gain	9	96	-127.80
gain	96	9	-127.80
gain	9	97	-124.13
gain	97	9	-124.13
gain	9	98	-127.68
gain	98	9	-127.68
gain	9	99	-126.86
gain	99	9	-126.86
gain	10	11	-57.19
gain	11	10	-57.19
gain	10	12	-104.31
gain	12	10	-104.31
gain	10	13	-110.14
gain	13	10	-110.14
gain	10	14	-114.29
gain	14	10	-114.29
gain	10	15	-124.95
gain	15	10	-124.95
gain	10	16	-120.78
gain	16	10	-120.78
gain	10	17	-119.45
gain	17	10	-119.45
gain	10	18	-125.72
gain	18	10	-125.72
gain	10	19	-59.01
gain	19	10	-59.01
gain	10	20	-102.24
gain	20	10	-102.24
gain	10	21	-108.23
gain	21	10	-108.23
gain	10	22	-110.63
gain	22	10	-110.63
gain	10	23	-116.89
gain	23	10	-116.89
gain	10	24	-118.31
gain	24	10	-118.31
gain	10	25	-123.66
gain	25	10	-123.66
gain	10	26	-121.05
gain	26	10	-121.05
gain	10	27	-125.47
gain	27	10	-125.47
gain	10	28	-105.32
gain	28	10	-105.32
gain	10	29	-108.32
gain	29	10	-108.32
gain	10	30	-111.44
gain	30	10	-111.44
gain	10	31	-109.84
gain	31	10	-109.84
gain	10	32	-120.71
gain	32	10	-120.71
gain	10	33	-118.75
gain	33	10	-118.75
gain	10	34	-118.15
gain	34	10	-118.15
gain	10	35	-124.51
gain	35	10	-124.51
gain	10	36	-133.43
gain	36	10	-133.43
gain	10	37	-113.20
gain	37	10	-113.20
gain	10	38	-115.69
gain	38	10	-115.69
gain	10	39	-116.64
gain	39	10	-116.64
gain	10	40	-113.32
gain	40	10	-113.32
gain	10	41	-120.67
gain	41	10	-120.67
gain	10	42	-123.69
gain	42	10	-123.69
gain	10	43	-124.61
gain	43	10	-124.61
gain	10	44	-126.17
gain	44	10	-126.17
gain	10	45	-127.38
gain	45	10	-127.38
gain	10	46	-116.83
gain	46	10	-116.83
gain	10	47	-116.90
gain	47	10	-116.90
gain	10	48	-118.38
gain	48	10	-118.38
gain	10	49	-121.79
gain	49	10	-121.79
gain	10	50	-113.68
gain	50	10	-113.68
gain	10	51	-128.67
gain	51	10	-128.67
gain	10	52	-125.08
gain	52	10	-125.08
gain	10	53	-127.80
gain	53	10	-127.80
gain	10	54	-127.60
gain	54	10	-127.60
gain	10	55	-116.55
gain	55	10	-116.55
gain	10	56	-120.67
gain	56	10	-120.67
gain	10	57	-114.13
gain	57	10	-114.13
gain	10	58	-123.79
gain	58	10	-123.79
gain	10	59	-122.43
gain	59	10	-122.43
gain	10	60	-126.47
gain	60	10	-126.47
gain	10	61	-128.96
gain	61	10	-128.96
gain	10	62	-133.09
gain	62	10	-133.09
gain	10	63	-132.72
gain	63	10	-132.72
gain	10	64	-122.99
gain	64	10	-122.99
gain	10	65	-115.40
gain	65	10	-115.40
gain	10	66	-124.16
gain	66	10	-124.16
gain	10	67	-121.28
gain	67	10	-121.28
gain	10	68	-127.66
gain	68	10	-127.66
gain	10	69	-128.00
gain	69	10	-128.00
gain	10	70	-126.67
gain	70	10	-126.67
gain	10	71	-129.92
gain	71	10	-129.92
gain	10	72	-127.99
gain	72	10	-127.99
gain	10	73	-127.46
gain	73	10	-127.46
gain	10	74	-125.56
gain	74	10	-125.56
gain	10	75	-128.74
gain	75	10	-128.74
gain	10	76	-121.47
gain	76	10	-121.47
gain	10	77	-129.01
gain	77	10	-129.01
gain	10	78	-127.33
gain	78	10	-127.33
gain	10	79	-128.36
gain	79	10	-128.36
gain	10	80	-129.24
gain	80	10	-129.24
gain	10	81	-133.31
gain	81	10	-133.31
gain	10	82	-130.34
gain	82	10	-130.34
gain	10	83	-129.87
gain	83	10	-129.87
gain	10	84	-123.62
gain	84	10	-123.62
gain	10	85	-125.75
gain	85	10	-125.75
gain	10	86	-136.10
gain	86	10	-136.10
gain	10	87	-126.22
gain	87	10	-126.22
gain	10	88	-126.43
gain	88	10	-126.43
gain	10	89	-130.51
gain	89	10	-130.51
gain	10	90	-132.16
gain	90	10	-132.16
gain	10	91	-128.46
gain	91	10	-128.46
gain	10	92	-127.66
gain	92	10	-127.66
gain	10	93	-127.74
gain	93	10	-127.74
gain	10	94	-128.23
gain	94	10	-128.23
gain	10	95	-130.43
gain	95	10	-130.43
gain	10	96	-132.36
gain	96	10	-132.36
gain	10	97	-128.60
gain	97	10	-128.60
gain	10	98	-129.56
gain	98	10	-129.56
gain	10	99	-132.74
gain	99	10	-132.74
gain	11	12	-100.57
gain	12	11	-100.57
gain	11	13	-109.77
gain	13	11	-109.77
gain	11	14	-115.84
gain	14	11	-115.84
gain	11	15	-120.87
gain	15	11	-120.87
gain	11	16	-119.60
gain	16	11	-119.60
gain	11	17	-117.77
gain	17	11	-117.77
gain	11	18	-126.09
gain	18	11	-126.09
gain	11	19	-103.32
gain	19	11	-103.32
gain	11	20	-57.64
gain	20	11	-57.64
gain	11	21	-104.29
gain	21	11	-104.29
gain	11	22	-109.23
gain	22	11	-109.23
gain	11	23	-115.17
gain	23	11	-115.17
gain	11	24	-115.10
gain	24	11	-115.10
gain	11	25	-123.25
gain	25	11	-123.25
gain	11	26	-121.74
gain	26	11	-121.74
gain	11	27	-122.74
gain	27	11	-122.74
gain	11	28	-102.56
gain	28	11	-102.56
gain	11	29	-108.18
gain	29	11	-108.18
gain	11	30	-104.68
gain	30	11	-104.68
gain	11	31	-104.36
gain	31	11	-104.36
gain	11	32	-113.11
gain	32	11	-113.11
gain	11	33	-122.22
gain	33	11	-122.22
gain	11	34	-121.33
gain	34	11	-121.33
gain	11	35	-121.47
gain	35	11	-121.47
gain	11	36	-127.59
gain	36	11	-127.59
gain	11	37	-110.80
gain	37	11	-110.80
gain	11	38	-111.55
gain	38	11	-111.55
gain	11	39	-107.71
gain	39	11	-107.71
gain	11	40	-109.90
gain	40	11	-109.90
gain	11	41	-118.30
gain	41	11	-118.30
gain	11	42	-121.92
gain	42	11	-121.92
gain	11	43	-121.69
gain	43	11	-121.69
gain	11	44	-124.14
gain	44	11	-124.14
gain	11	45	-119.43
gain	45	11	-119.43
gain	11	46	-124.05
gain	46	11	-124.05
gain	11	47	-117.96
gain	47	11	-117.96
gain	11	48	-117.67
gain	48	11	-117.67
gain	11	49	-111.64
gain	49	11	-111.64
gain	11	50	-121.56
gain	50	11	-121.56
gain	11	51	-119.95
gain	51	11	-119.95
gain	11	52	-124.43
gain	52	11	-124.43
gain	11	53	-124.10
gain	53	11	-124.10
gain	11	54	-127.17
gain	54	11	-127.17
gain	11	55	-119.10
gain	55	11	-119.10
gain	11	56	-119.21
gain	56	11	-119.21
gain	11	57	-122.72
gain	57	11	-122.72
gain	11	58	-122.85
gain	58	11	-122.85
gain	11	59	-120.34
gain	59	11	-120.34
gain	11	60	-123.27
gain	60	11	-123.27
gain	11	61	-128.16
gain	61	11	-128.16
gain	11	62	-128.36
gain	62	11	-128.36
gain	11	63	-130.98
gain	63	11	-130.98
gain	11	64	-125.98
gain	64	11	-125.98
gain	11	65	-116.81
gain	65	11	-116.81
gain	11	66	-123.29
gain	66	11	-123.29
gain	11	67	-124.19
gain	67	11	-124.19
gain	11	68	-126.58
gain	68	11	-126.58
gain	11	69	-127.84
gain	69	11	-127.84
gain	11	70	-121.21
gain	70	11	-121.21
gain	11	71	-128.71
gain	71	11	-128.71
gain	11	72	-125.98
gain	72	11	-125.98
gain	11	73	-128.06
gain	73	11	-128.06
gain	11	74	-122.28
gain	74	11	-122.28
gain	11	75	-122.37
gain	75	11	-122.37
gain	11	76	-121.23
gain	76	11	-121.23
gain	11	77	-129.00
gain	77	11	-129.00
gain	11	78	-123.43
gain	78	11	-123.43
gain	11	79	-128.31
gain	79	11	-128.31
gain	11	80	-127.58
gain	80	11	-127.58
gain	11	81	-127.64
gain	81	11	-127.64
gain	11	82	-129.96
gain	82	11	-129.96
gain	11	83	-131.94
gain	83	11	-131.94
gain	11	84	-126.01
gain	84	11	-126.01
gain	11	85	-119.04
gain	85	11	-119.04
gain	11	86	-127.25
gain	86	11	-127.25
gain	11	87	-126.25
gain	87	11	-126.25
gain	11	88	-132.41
gain	88	11	-132.41
gain	11	89	-126.21
gain	89	11	-126.21
gain	11	90	-132.74
gain	90	11	-132.74
gain	11	91	-127.35
gain	91	11	-127.35
gain	11	92	-123.33
gain	92	11	-123.33
gain	11	93	-129.49
gain	93	11	-129.49
gain	11	94	-130.00
gain	94	11	-130.00
gain	11	95	-128.51
gain	95	11	-128.51
gain	11	96	-130.90
gain	96	11	-130.90
gain	11	97	-131.18
gain	97	11	-131.18
gain	11	98	-130.69
gain	98	11	-130.69
gain	11	99	-133.24
gain	99	11	-133.24
gain	12	13	-56.16
gain	13	12	-56.16
gain	12	14	-107.01
gain	14	12	-107.01
gain	12	15	-114.53
gain	15	12	-114.53
gain	12	16	-115.81
gain	16	12	-115.81
gain	12	17	-117.17
gain	17	12	-117.17
gain	12	18	-119.86
gain	18	12	-119.86
gain	12	19	-109.21
gain	19	12	-109.21
gain	12	20	-58.00
gain	20	12	-58.00
gain	12	21	-57.75
gain	21	12	-57.75
gain	12	22	-57.21
gain	22	12	-57.21
gain	12	23	-108.46
gain	23	12	-108.46
gain	12	24	-112.87
gain	24	12	-112.87
gain	12	25	-115.45
gain	25	12	-115.45
gain	12	26	-119.11
gain	26	12	-119.11
gain	12	27	-121.13
gain	27	12	-121.13
gain	12	28	-109.47
gain	28	12	-109.47
gain	12	29	-107.26
gain	29	12	-107.26
gain	12	30	-104.10
gain	30	12	-104.10
gain	12	31	-108.89
gain	31	12	-108.89
gain	12	32	-109.53
gain	32	12	-109.53
gain	12	33	-115.90
gain	33	12	-115.90
gain	12	34	-126.07
gain	34	12	-126.07
gain	12	35	-119.55
gain	35	12	-119.55
gain	12	36	-132.61
gain	36	12	-132.61
gain	12	37	-117.40
gain	37	12	-117.40
gain	12	38	-113.75
gain	38	12	-113.75
gain	12	39	-114.89
gain	39	12	-114.89
gain	12	40	-114.04
gain	40	12	-114.04
gain	12	41	-118.84
gain	41	12	-118.84
gain	12	42	-121.40
gain	42	12	-121.40
gain	12	43	-123.85
gain	43	12	-123.85
gain	12	44	-124.05
gain	44	12	-124.05
gain	12	45	-119.45
gain	45	12	-119.45
gain	12	46	-116.31
gain	46	12	-116.31
gain	12	47	-116.88
gain	47	12	-116.88
gain	12	48	-114.37
gain	48	12	-114.37
gain	12	49	-112.28
gain	49	12	-112.28
gain	12	50	-117.75
gain	50	12	-117.75
gain	12	51	-116.90
gain	51	12	-116.90
gain	12	52	-119.02
gain	52	12	-119.02
gain	12	53	-123.37
gain	53	12	-123.37
gain	12	54	-125.61
gain	54	12	-125.61
gain	12	55	-123.54
gain	55	12	-123.54
gain	12	56	-122.16
gain	56	12	-122.16
gain	12	57	-116.86
gain	57	12	-116.86
gain	12	58	-118.79
gain	58	12	-118.79
gain	12	59	-120.39
gain	59	12	-120.39
gain	12	60	-118.35
gain	60	12	-118.35
gain	12	61	-121.44
gain	61	12	-121.44
gain	12	62	-129.92
gain	62	12	-129.92
gain	12	63	-127.91
gain	63	12	-127.91
gain	12	64	-128.79
gain	64	12	-128.79
gain	12	65	-114.74
gain	65	12	-114.74
gain	12	66	-116.02
gain	66	12	-116.02
gain	12	67	-125.84
gain	67	12	-125.84
gain	12	68	-121.07
gain	68	12	-121.07
gain	12	69	-121.35
gain	69	12	-121.35
gain	12	70	-122.63
gain	70	12	-122.63
gain	12	71	-121.52
gain	71	12	-121.52
gain	12	72	-131.08
gain	72	12	-131.08
gain	12	73	-133.02
gain	73	12	-133.02
gain	12	74	-113.16
gain	74	12	-113.16
gain	12	75	-125.63
gain	75	12	-125.63
gain	12	76	-129.33
gain	76	12	-129.33
gain	12	77	-122.68
gain	77	12	-122.68
gain	12	78	-121.47
gain	78	12	-121.47
gain	12	79	-125.09
gain	79	12	-125.09
gain	12	80	-119.32
gain	80	12	-119.32
gain	12	81	-129.27
gain	81	12	-129.27
gain	12	82	-123.78
gain	82	12	-123.78
gain	12	83	-126.84
gain	83	12	-126.84
gain	12	84	-125.16
gain	84	12	-125.16
gain	12	85	-122.80
gain	85	12	-122.80
gain	12	86	-123.03
gain	86	12	-123.03
gain	12	87	-134.50
gain	87	12	-134.50
gain	12	88	-130.30
gain	88	12	-130.30
gain	12	89	-129.63
gain	89	12	-129.63
